NODE NAME,GEOMETRY AREA,PIXELS AREA,TEXTURE SIZE,NEAREST POW 2,USED UV AREA,OPTIMAL DENSITY
CeilingChute,161724.9,231035.58,628 x 628,512 x 512,0.616932,0.8148
ChemistryBeaker_0,1273.97,1819.95,45 x 45,32 x 32,1.244108,0.6967
ChemistryBeaker_1,2704.32,3863.32,67 x 67,64 x 64,0.660235,0.9515
ChemistryConicalFlask,2445.3,3493.28,64 x 64,64 x 64,0.596996,0.9869
ChemistryFlask_0,5647.19,8067.42,104 x 104,128 x 128,0.344677,1.2295
ChemistryFlask_1,5744.53,8206.47,105 x 105,128 x 128,0.350618,1.2169
ChemistryFlaskHose,993.86,1419.8,106 x 106,128 x 128,0.06066,1.1971
ChemistryFlaskSuspended,8309.34,11870.48,109 x 109,128 x 128,0.507162,1.1743
ChemistryLabChair,26715.9,38165.58,196 x 196,256 x 256,0.407652,1.3061
ChemistryLabOverheadLamp,38390.72,54843.88,239 x 239,256 x 256,0.585796,1.0686
ChemistryLabOverheadLampBulb,2027.04,2895.78,56 x 56,64 x 64,0.494883,1.1254
ChemistryLabTable,215396.34,307709.07,574 x 574,512 x 512,0.821672,0.8916
ChemistryTubes_0,11240.48,16057.82,127 x 127,128 x 128,0.686064,1.0079
ChemistryTubes_1,23402.21,33431.73,183 x 183,128 x 128,1.428357,0.6995
ComputerAlarmLight,1461.07,2087.24,85 x 85,64 x 64,0.356706,0.7469
ComputerCable,46537.76,66482.52,258 x 258,256 x 256,0.71011,0.9922
ComputerChair,29055.4,41507.72,204 x 204,256 x 256,0.44335,1.2549
ComputerConsole,251744.95,359635.65,607 x 607,512 x 512,0.960331,0.8428
ComputerConsoleButton_0,1328.87,1898.38,83 x 83,64 x 64,0.32443,0.7673
ComputerConsoleButton_1,1328.87,1898.38,83 x 83,64 x 64,0.324431,0.7674
ComputerConsoleButton_2,1328.87,1898.38,83 x 83,64 x 64,0.32443,0.7673
ComputerConsoleButtonBoard_0,1646.92,2352.74,71 x 71,64 x 64,0.402079,0.8976
ComputerConsoleButtonBoard_1,1646.92,2352.74,71 x 71,64 x 64,0.40208,0.8976
ComputerConsoleButtonBoard_2,1646.92,2352.74,71 x 71,64 x 64,0.40208,0.8976
ComputerConsoleButtonBoard_3,2137.99,3054.28,60 x 60,64 x 64,0.521971,1.0576
ComputerConsoleButtonBoard_4,2149.94,3071.34,60 x 60,64 x 64,0.524887,1.0546
ComputerConsoleGauge_0,1373.93,1962.76,52 x 52,64 x 64,0.335432,1.2141
ComputerConsoleGauge_1,1372.7,1961,52 x 52,64 x 64,0.335131,1.2147
ComputerConsoleLever_0,3454.14,4934.49,71 x 71,64 x 64,0.843296,0.9014
ComputerConsoleLever_1,3425.38,4893.41,70 x 70,64 x 64,0.836275,0.9069
ComputerLever,2523.32,3604.75,61 x 61,64 x 64,0.616045,1.0492
ComputerLeverBase,9190.61,13129.44,118 x 118,128 x 128,0.56095,1.0838
ComputerMonitorCase,762703.09,1089575.86,1044 x 1044,1024 x 1024,0.72737,0.9808
ComputerMonitorScreen,247262.4,353232,725 x 725,512 x 512,0.943231,0.7059
ComputerMonitorSocket_0,4944.85,7064.07,144 x 144,128 x 128,0.301809,0.8841
ComputerMonitorSocket_1,4944.84,7064.06,144 x 144,128 x 128,0.301809,0.8841
ComputerStand,577959.5,825656.45,909 x 909,1024 x 1024,0.551185,1.1265
ComputerStandBase,117029.44,167184.91,648 x 648,512 x 512,0.446432,0.7893
ComputerStandLadder,35301.33,50430.47,287 x 287,256 x 256,0.538656,0.8895
CostumeDisplayBase,239750.28,342500.41,779 x 779,1024 x 1024,0.228644,1.3142
CostumeDisplayGlassCaptainMagma,143747.88,205354.12,505 x 505,512 x 512,0.548355,1.0119
CostumeDisplayGlassElasticWaistband,143747.87,205354.11,505 x 505,512 x 512,0.548355,1.0119
CostumeDisplayGlassMissAppear,143747.88,205354.11,505 x 505,512 x 512,0.548355,1.0119
CostumeDisplayGlassTheQuickster,143747.88,205354.12,505 x 505,512 x 512,0.548355,1.0119
CostumeDisplayLidCaptainMagma,43475.17,62107.38,520 x 520,512 x 512,0.165845,0.9841
CostumeDisplayLidElasticWaistband,43475.16,62107.37,520 x 520,512 x 512,0.165845,0.9841
CostumeDisplayLidMissAppear,43475.16,62107.37,520 x 520,512 x 512,0.165845,0.9841
CostumeDisplayLidTheQuickster,43475.16,62107.37,520 x 520,512 x 512,0.165845,0.9841
CostumeDisplayStandCaptainMagma,25487.19,36410.27,518 x 518,512 x 512,0.097226,0.9878
CostumeDisplayStandElasticWaistband,25487.19,36410.28,518 x 518,512 x 512,0.097226,0.9878
CostumeDisplayStandMissAppear,25487.19,36410.28,518 x 518,512 x 512,0.097226,0.9878
CostumeDisplayStandTheQuickster,25487.19,36410.28,518 x 518,512 x 512,0.097226,0.9878
ElectricalDeviceBody,547158.18,781654.55,1181 x 1181,1024 x 1024,0.521811,0.8666
ElectricalDeviceBulb,5183.23,7404.61,87 x 87,64 x 64,1.265437,0.7356
ElectricalDeviceBushing_0,23003.26,32861.8,182 x 182,128 x 128,1.404007,0.7033
ElectricalDeviceBushing_1,27831.33,39759.04,200 x 200,256 x 256,0.424672,1.28
ElectricalDeviceBushing_2,23003.26,32861.79,182 x 182,128 x 128,1.404007,0.7033
ElectricalDeviceToroid_0,52720.84,75315.49,354 x 354,256 x 256,0.804456,0.7227
ElectricalDeviceToroid_1,32096.18,45851.69,303 x 303,256 x 256,0.489749,0.8423
ElectricalDeviceToroidMount,39122.54,55889.34,352 x 352,256 x 256,0.596963,0.7262
EntranceDoor,80474.4,114963.42,340 x 340,256 x 256,1.227942,0.7529
EntranceDoorButton,1645.29,2350.41,103 x 103,128 x 128,0.10042,1.2415
HandMachineBase,188165.76,268808.23,927 x 927,1024 x 1024,0.179449,1.1044
HandMachineHand,11451.63,16359.47,128 x 128,128 x 128,0.698952,1
HandMachineMonitorAntenna,4334.09,6191.56,79 x 79,64 x 64,1.058127,0.8101
HandMachineMonitorCase,38935.01,55621.45,236 x 236,256 x 256,0.594101,1.0847
HandMachineMonitorMount,24292.73,34703.9,214 x 214,256 x 256,0.370678,1.1935
HandMachineMonitorScreen,5925.55,8465.07,93 x 93,64 x 64,1.446667,0.6882
HandMachinePulleyBelt,18146.36,25923.37,345 x 345,256 x 256,0.276891,0.7418
HandMachinePulleyLarge,20937.96,29911.37,276 x 276,256 x 256,0.319488,0.9252
HandMachinePulleyPole,6176.26,8823.24,97 x 97,128 x 128,0.376969,1.3156
HandMachinePulleySmall,5991.73,8559.62,138 x 138,128 x 128,0.365706,0.9273
MMBBPhoto,30464.25,43520.36,209 x 209,256 x 256,0.464848,1.2249
MMBBPhotoFrame,13602.29,19431.84,222 x 222,256 x 256,0.207554,1.15
OrbOfConfusion,8072.62,11532.31,108 x 108,128 x 128,0.492713,1.1852
OrbOfConfusionPedestal,15767.2,22524.57,173 x 173,128 x 128,0.962354,0.7357
OrbOfConfusionSwitch,232.19,331.71,32 x 32,32 x 32,0.226753,0.9992
PillarFace_0,114430.31,163471.87,980 x 980,1024 x 1024,0.109129,1.0443
PillarFace_1,114430.31,163471.87,980 x 980,1024 x 1024,0.109129,1.0443
PillarFace_2,114430.31,163471.87,980 x 980,1024 x 1024,0.109129,1.0443
PillarFace_3,114430.3,163471.86,980 x 980,1024 x 1024,0.109129,1.0443
PillarFace_4,114430.31,163471.87,980 x 980,1024 x 1024,0.109129,1.0443
PillarFace_5,114430.31,163471.87,980 x 980,1024 x 1024,0.109129,1.0443
PillarFace_6,114430.31,163471.87,980 x 980,1024 x 1024,0.109129,1.0443
PillarFace_7,114430.31,163471.87,980 x 980,1024 x 1024,0.109129,1.0443
PillarMountCeiling_0,45981.05,65687.21,350 x 350,256 x 256,0.701615,0.7301
PillarMountCeiling_1,45981.05,65687.22,350 x 350,256 x 256,0.701615,0.7301
PillarMountCeiling_2,45981.05,65687.22,350 x 350,256 x 256,0.701615,0.7301
PillarMountCeiling_3,45981.05,65687.21,350 x 350,256 x 256,0.701615,0.7301
PillarMountFloor_0,45980.92,65687.04,350 x 350,256 x 256,0.701613,0.7301
PillarMountFloor_1,45980.93,65687.04,350 x 350,256 x 256,0.701613,0.7301
PillarMountFloor_2,45980.93,65687.04,350 x 350,256 x 256,0.701613,0.7301
PillarMountFloor_3,45980.92,65687.03,350 x 350,256 x 256,0.701613,0.7301
PillarSide_0,170836.5,244052.14,991 x 991,1024 x 1024,0.162922,1.0326
PillarSide_1,170836.49,244052.14,991 x 991,1024 x 1024,0.162922,1.0326
PillarSide_2,170836.5,244052.15,991 x 991,1024 x 1024,0.162922,1.0326
PillarSide_3,170836.5,244052.14,991 x 991,1024 x 1024,0.162922,1.0326
PillarSide_4,170836.49,244052.14,991 x 991,1024 x 1024,0.162922,1.0326
PillarSide_5,170836.5,244052.14,991 x 991,1024 x 1024,0.162922,1.0326
PillarSide_6,170836.49,244052.14,991 x 991,1024 x 1024,0.162922,1.0326
PillarSide_7,170836.5,244052.15,991 x 991,1024 x 1024,0.162922,1.0326
PrisonChamber,310142.44,443060.63,1287 x 1287,1024 x 1024,0.295775,0.7954
PrisonChamberBulb_0,4321.2,6173.15,79 x 79,64 x 64,1.054981,0.8101
PrisonChamberBulb_1,10419.58,14885.12,123 x 123,128 x 128,0.635961,1.0407
PrisonChamberBulb_2,9651.67,13788.1,138 x 138,128 x 128,0.589091,0.9238
PrisonChamberBulb_3,4321.2,6173.14,79 x 79,64 x 64,1.05498,0.8101
PrisonChamberBulb_4,10437.44,14910.63,123 x 123,128 x 128,0.637051,1.0338
PrisonChamberButton_0,273.42,390.59,20 x 20,16 x 16,1.068032,0.8
PrisonChamberButton_1,271.7,388.14,20 x 20,16 x 16,1.061311,0.8
PrisonChamberButton_2,273.41,390.59,20 x 20,16 x 16,1.068027,0.8
PrisonChamberButton_3,268.99,384.27,20 x 20,16 x 16,1.050748,0.8
PrisonChamberButton_4,268.58,383.69,20 x 20,16 x 16,1.049148,0.8
PrisonChamberButton_5,268.43,383.47,20 x 20,16 x 16,1.04854,0.8
PrisonChamberButton_6,265.07,378.67,20 x 20,16 x 16,1.035431,0.8
PrisonChamberButtonBoard_0,1409.7,2013.86,56 x 56,64 x 64,0.344166,1.1366
PrisonChamberButtonBoard_1,4686.66,6695.22,82 x 82,64 x 64,1.144203,0.7805
PrisonChamberButtonBoard_2,1492.26,2131.8,57 x 57,64 x 64,0.364322,1.1168
PrisonChamberButtonBoard_3,1409.7,2013.86,56 x 56,64 x 64,0.344165,1.1367
PrisonChamberButtonBoard_4,1409.7,2013.86,56 x 56,64 x 64,0.344166,1.1366
PrisonChamberCable_0,11241.55,16059.36,213 x 213,256 x 256,0.171533,1.198
PrisonChamberCable_1,11617.19,16595.98,219 x 219,256 x 256,0.177264,1.1647
PrisonChamberFrozenTartar,515017.54,735739.36,901 x 901,1024 x 1024,0.491159,1.1365
PrisonChamberGauge_0,1450.03,2071.47,46 x 46,32 x 32,1.416045,0.6957
PrisonChamberGauge_1,815.64,1165.21,35 x 35,32 x 32,0.796527,0.9143
PrisonChamberGauge_2,815.64,1165.2,35 x 35,32 x 32,0.796526,0.9143
PrisonChamberGauge_3,815.64,1165.2,35 x 35,32 x 32,0.796526,0.9143
PrisonChamberGauge_4,866.16,1237.37,36 x 36,32 x 32,0.845858,0.8889
PrisonChamberGauge_5,866.16,1237.37,36 x 36,32 x 32,0.845858,0.8889
PrisonChamberGauge_6,1450.03,2071.47,46 x 46,32 x 32,1.416044,0.6957
PrisonChamberGauge_7,866.16,1237.37,36 x 36,32 x 32,0.845856,0.8889
PrisonChamberGauge_8,866.16,1237.37,36 x 36,32 x 32,0.845858,0.8889
PrisonChamberJoystick_0,968.07,1382.95,38 x 38,32 x 32,0.945377,0.8421
PrisonChamberJoystick_1,1512.66,2160.94,47 x 47,32 x 32,1.477203,0.6809
PrisonChamberJoystick_2,985.71,1408.16,38 x 38,32 x 32,0.962611,0.8421
PrisonChamberJoystick_3,1588.29,2268.99,48 x 48,32 x 32,1.551067,0.6667
PrisonChamberJoystick_4,875.2,1250.29,36 x 36,32 x 32,0.854692,0.8889
PrisonChamberLever,5143.97,7348.53,86 x 86,64 x 64,1.255852,0.7442
PrisonChamberLeverFreeze,2574.82,3678.31,61 x 61,64 x 64,0.628618,1.0492
SuperAcquaintancesChair_0,46252.41,66074.87,269 x 269,256 x 256,0.705756,0.9496
SuperAcquaintancesChair_1,46252.41,66074.87,269 x 269,256 x 256,0.705756,0.9496
SuperAcquaintancesChair_2,46252.41,66074.87,269 x 269,256 x 256,0.705756,0.9496
SuperAcquaintancesChair_3,50763.77,72519.67,270 x 270,256 x 256,0.774594,0.9481
SuperAcquaintancesChair_4,46252.41,66074.87,269 x 269,256 x 256,0.705756,0.9496
SuperAcquaintancesChair_5,46252.41,66074.87,269 x 269,256 x 256,0.705756,0.9496
SuperAcquaintancesTable,237117.89,338739.84,583 x 583,512 x 512,0.904533,0.8782
WallAlarm,32132.51,45903.59,215 x 215,256 x 256,0.490303,1.1907
WallAlarmPipe_0,33614.06,48020.09,344 x 344,256 x 256,0.51291,0.7431
WallAlarmPipe_1,15670.22,22386.04,325 x 325,256 x 256,0.239109,0.7872
WallAlarmPipe_2,17588.54,25126.49,366 x 366,256 x 256,0.26838,0.6991
WallOrnamentAnchor,18335.76,26193.94,211 x 211,256 x 256,0.279781,1.2107
WallOrnamentLifeBuoy,39866.57,56952.24,239 x 239,256 x 256,0.608316,1.0711
